0 0.00378148 3.33278e-05 1.00919e-07
0.845612 1.08796 0.40997 -4.54755 -6.167 8.36936 9.00721 -8.6175 8.64577 1.24533 6.06969 3.63456 -5.28848 3.15182 7.34808 0.00761102 0.69212 0.260144 0.15955 0.507715 0.374041 0.786803 -0.269937 -0.11497 5.65087 1.42603 -0.647492 -1.20138 2.16351 7.80312 0.459499 -8.71549 8.98061 -9.79895 -1.0971 2.1195
1 0.00895897 0.000101096 4.45696e-07
1.55713 0.666263 0.783213 -0.440147 4.85471 -4.08422 -0.743014 -8.51172 -3.96441 -4.78215 5.4035 6.74479 1.1514 -1.56851 0.383635 0.577182 0.136864 0.390692 0.196301 0.340487 0.39537 -0.505417 -0.33751 0.473852 3.80756 4.10517 0.793673 3.32929 3.47443 -2.25504 -0.763064 4.22391 10 -6.73782 1.42458 -5.53786
2 0.00895897 0.000177925 7.04636e-07
1.55713 0.666263 0.783213 -0.440147 4.85471 -4.08422 -0.743014 -8.51172 -3.96441 -4.78215 5.4035 6.74479 1.1514 -1.56851 0.383635 0.577182 0.136864 0.390692 0.196301 0.340487 0.39537 -0.505417 -0.33751 0.473852 3.80756 4.10517 0.793673 3.32929 3.47443 -2.25504 -0.763064 4.22391 10 -6.73782 1.42458 -5.53786
3 0.0159721 0.000349632 1.69669e-06
1.47243 0.73359 0.937443 -0.439441 5.92264 -3.27109 -0.486558 -9.11708 -3.83789 -5.07523 6.76977 6.85348 1.34261 -1.2454 1.65062 0.650698 0.143216 0.324247 0.294324 0.283276 0.390384 -0.438766 -0.324247 0.445104 3.94923 4.3574 2.13087 2.07528 2.01672 -1.22203 -0.231764 4.32371 10 -7.72258 0.780202 -6.01488
4 0.0159721 0.000699433 3.87642e-06
1.47243 0.73359 0.937443 -0.439441 5.92264 -3.27109 -0.486558 -9.11708 -3.83789 -5.07523 6.76977 6.85348 1.34261 -1.2454 1.65062 0.650698 0.143216 0.324247 0.294324 0.283276 0.390384 -0.438766 -0.324247 0.445104 3.94923 4.3574 2.13087 2.07528 2.01672 -1.22203 -0.231764 4.32371 10 -7.72258 0.780202 -6.01488
5 0.0166266 0.00106746 6.08689e-06
1.47086 0.741709 0.937746 -0.57868 5.94217 -3.12735 -0.48102 -9.02795 -4.04494 -5.20591 6.67688 6.61207 1.32097 -1.15138 1.56431 0.648774 0.132913 0.323444 0.290561 0.285204 0.396422 -0.427961 -0.321521 0.431845 3.89345 4.11859 2.17091 2.14274 2.00559 -1.34234 -0.425997 4.21709 9.69229 -8.00447 0.672407 -5.84006
6 0.0201211 0.00152445 1.02115e-05
1.4841 0.522238 0.801536 1.23046 3.80908 -4.65028 -0.654358 -7.62938 -3.84276 -5.32843 4.6444 5.80558 1.03847 -1.92001 1.09802 0.635268 0.17311 0.397332 0.0479969 0.387109 0.37986 -0.351328 -0.427291 0.490869 3.57247 4.46353 -0.317139 2.45175 3.42817 -3.23726 -0.10494 3.54405 10 -6.71627 3.16104 -5.19816
7 0.0201211 0.00208276 1.5374e-05
1.4841 0.522238 0.801536 1.23046 3.80908 -4.65028 -0.654358 -7.62938 -3.84276 -5.32843 4.6444 5.80558 1.03847 -1.92001 1.09802 0.635268 0.17311 0.397332 0.0479969 0.387109 0.37986 -0.351328 -0.427291 0.490869 3.57247 4.46353 -0.317139 2.45175 3.42817 -3.23726 -0.10494 3.54405 10 -6.71627 3.16104 -5.19816
8 0.0283218 0.00293054 2.6149e-05
1.51266 0.701367 1.02973 -0.3434 6.18766 -2.09891 -1.44194 -7.60289 -3.45833 -4.93416 8.01028 6.90272 0.686157 -0.39784 1.4729 0.629422 0.135115 0.444678 0.322178 0.259822 0.284384 -0.48274 -0.300899 0.4728 3.019 5.06151 2.45267 2.0612 0.705428 -2.14454 1.09866 3.75397 10 -8.30014 1.28407 -5.77651
9 0.0283218 0.00366368 3.66531e-05
1.51266 0.701367 1.02973 -0.3434 6.18766 -2.09891 -1.44194 -7.60289 -3.45833 -4.93416 8.01028 6.90272 0.686157 -0.39784 1.4729 0.629422 0.135115 0.444678 0.322178 0.259822 0.284384 -0.48274 -0.300899 0.4728 3.019 5.06151 2.45267 2.0612 0.705428 -2.14454 1.09866 3.75397 10 -8.30014 1.28407 -5.77651
10 0.0565109 0.00468549 5.98592e-05
1.41719 0.673941 0.9205 -0.730168 4.49605 -3.38164 -1.17089 -10 -4.17839 -4.64137 5.01651 4.87385 2.99411 -1.76893 0.811197 0.681759 0.1038 0.367355 0.100854 0.357646 0.346323 -0.527238 -0.0909078 0.487759 2.41924 3.63936 -0.261447 4.00929 4.5946 -1.87438 -1.91492 3.95849 9.92145 -7.1682 0.887971 -5.87917
11 0.0565109 0.00549205 7.67419e-05
1.41719 0.673941 0.9205 -0.730168 4.49605 -3.38164 -1.17089 -10 -4.17839 -4.64137 5.01651 4.87385 2.99411 -1.76893 0.811197 0.681759 0.1038 0.367355 0.100854 0.357646 0.346323 -0.527238 -0.0909078 0.487759 2.41924 3.63936 -0.261447 4.00929 4.5946 -1.87438 -1.91492 3.95849 9.92145 -7.1682 0.887971 -5.87917
12 0.0565109 0.00564806 8.44012e-05
1.41719 0.673941 0.9205 -0.730168 4.49605 -3.38164 -1.17089 -10 -4.17839 -4.64137 5.01651 4.87385 2.99411 -1.76893 0.811197 0.681759 0.1038 0.367355 0.100854 0.357646 0.346323 -0.527238 -0.0909078 0.487759 2.41924 3.63936 -0.261447 4.00929 4.5946 -1.87438 -1.91492 3.95849 9.92145 -7.1682 0.887971 -5.87917
13 0.06691 0.00631941 0.000109916
0.485708 0.316071 1.76193 -7.93582 -1.91096 8.48968 4.60866 4.54675 9.82649 1.6724 2.57821 0.743997 -9.36541 -4.84868 -1.11285 0.333624 0.479384 0.444537 0.14939 0.400034 0.271322 -0.230091 0.444494 0.222609 0.164593 -6.78566 6.91495 -2.48937 6.586 -10 0.15028 9.16803 3.50707 -7.26546 1.45758 8.17086
14 0.06691 0.00731881 0.000124123
0.485708 0.316071 1.76193 -7.93582 -1.91096 8.48968 4.60866 4.54675 9.82649 1.6724 2.57821 0.743997 -9.36541 -4.84868 -1.11285 0.333624 0.479384 0.444537 0.14939 0.400034 0.271322 -0.230091 0.444494 0.222609 0.164593 -6.78566 6.91495 -2.48937 6.586 -10 0.15028 9.16803 3.50707 -7.26546 1.45758 8.17086
15 0.0961045 0.00816258 0.000171188
0.507396 0.421209 1.80584 -8.82419 -1.65118 8.50843 7.6104 7.10065 10 1.50821 1.60723 1.15109 -8.78474 -7.02037 0.266193 0.271024 0.488208 0.396287 0.244094 0.333777 0.328904 -0.345455 0.352742 0.250745 -0.510433 -7.86894 6.6182 -2.75813 5.76173 -9.91316 -0.364843 9.14358 1.96862 -7.07735 -0.739752 7.91605
16 0.0961045 0.00768414 0.000169437
0.507396 0.421209 1.80584 -8.82419 -1.65118 8.50843 7.6104 7.10065 10 1.50821 1.60723 1.15109 -8.78474 -7.02037 0.266193 0.271024 0.488208 0.396287 0.244094 0.333777 0.328904 -0.345455 0.352742 0.250745 -0.510433 -7.86894 6.6182 -2.75813 5.76173 -9.91316 -0.364843 9.14358 1.96862 -7.07735 -0.739752 7.91605
17 0.0961045 0.00814492 0.000192237
0.507396 0.421209 1.80584 -8.82419 -1.65118 8.50843 7.6104 7.10065 10 1.50821 1.60723 1.15109 -8.78474 -7.02037 0.266193 0.271024 0.488208 0.396287 0.244094 0.333777 0.328904 -0.345455 0.352742 0.250745 -0.510433 -7.86894 6.6182 -2.75813 5.76173 -9.91316 -0.364843 9.14358 1.96862 -7.07735 -0.739752 7.91605
18 0.0961045 0.00912595 0.000216272
0.507396 0.421209 1.80584 -8.82419 -1.65118 8.50843 7.6104 7.10065 10 1.50821 1.60723 1.15109 -8.78474 -7.02037 0.266193 0.271024 0.488208 0.396287 0.244094 0.333777 0.328904 -0.345455 0.352742 0.250745 -0.510433 -7.86894 6.6182 -2.75813 5.76173 -9.91316 -0.364843 9.14358 1.96862 -7.07735 -0.739752 7.91605
19 0.0961045 0.00919519 0.000238772
0.507396 0.421209 1.80584 -8.82419 -1.65118 8.50843 7.6104 7.10065 10 1.50821 1.60723 1.15109 -8.78474 -7.02037 0.266193 0.271024 0.488208 0.396287 0.244094 0.333777 0.328904 -0.345455 0.352742 0.250745 -0.510433 -7.86894 6.6182 -2.75813 5.76173 -9.91316 -0.364843 9.14358 1.96862 -7.07735 -0.739752 7.91605
20 0.0961045 0.00958469 0.000256532
0.507396 0.421209 1.80584 -8.82419 -1.65118 8.50843 7.6104 7.10065 10 1.50821 1.60723 1.15109 -8.78474 -7.02037 0.266193 0.271024 0.488208 0.396287 0.244094 0.333777 0.328904 -0.345455 0.352742 0.250745 -0.510433 -7.86894 6.6182 -2.75813 5.76173 -9.91316 -0.364843 9.14358 1.96862 -7.07735 -0.739752 7.91605
21 0.0961045 0.0097302 0.000280961
0.507396 0.421209 1.80584 -8.82419 -1.65118 8.50843 7.6104 7.10065 10 1.50821 1.60723 1.15109 -8.78474 -7.02037 0.266193 0.271024 0.488208 0.396287 0.244094 0.333777 0.328904 -0.345455 0.352742 0.250745 -0.510433 -7.86894 6.6182 -2.75813 5.76173 -9.91316 -0.364843 9.14358 1.96862 -7.07735 -0.739752 7.91605
22 0.0961045 0.0100101 0.00030661
0.507396 0.421209 1.80584 -8.82419 -1.65118 8.50843 7.6104 7.10065 10 1.50821 1.60723 1.15109 -8.78474 -7.02037 0.266193 0.271024 0.488208 0.396287 0.244094 0.333777 0.328904 -0.345455 0.352742 0.250745 -0.510433 -7.86894 6.6182 -2.75813 5.76173 -9.91316 -0.364843 9.14358 1.96862 -7.07735 -0.739752 7.91605
23 0.0961045 0.0102504 0.000312828
0.507396 0.421209 1.80584 -8.82419 -1.65118 8.50843 7.6104 7.10065 10 1.50821 1.60723 1.15109 -8.78474 -7.02037 0.266193 0.271024 0.488208 0.396287 0.244094 0.333777 0.328904 -0.345455 0.352742 0.250745 -0.510433 -7.86894 6.6182 -2.75813 5.76173 -9.91316 -0.364843 9.14358 1.96862 -7.07735 -0.739752 7.91605
24 0.0961045 0.0103455 0.000338091
0.507396 0.421209 1.80584 -8.82419 -1.65118 8.50843 7.6104 7.10065 10 1.50821 1.60723 1.15109 -8.78474 -7.02037 0.266193 0.271024 0.488208 0.396287 0.244094 0.333777 0.328904 -0.345455 0.352742 0.250745 -0.510433 -7.86894 6.6182 -2.75813 5.76173 -9.91316 -0.364843 9.14358 1.96862 -7.07735 -0.739752 7.91605
25 0.0961045 0.0110258 0.000361675
0.507396 0.421209 1.80584 -8.82419 -1.65118 8.50843 7.6104 7.10065 10 1.50821 1.60723 1.15109 -8.78474 -7.02037 0.266193 0.271024 0.488208 0.396287 0.244094 0.333777 0.328904 -0.345455 0.352742 0.250745 -0.510433 -7.86894 6.6182 -2.75813 5.76173 -9.91316 -0.364843 9.14358 1.96862 -7.07735 -0.739752 7.91605
26 0.0961045 0.0102543 0.000365295
0.507396 0.421209 1.80584 -8.82419 -1.65118 8.50843 7.6104 7.10065 10 1.50821 1.60723 1.15109 -8.78474 -7.02037 0.266193 0.271024 0.488208 0.396287 0.244094 0.333777 0.328904 -0.345455 0.352742 0.250745 -0.510433 -7.86894 6.6182 -2.75813 5.76173 -9.91316 -0.364843 9.14358 1.96862 -7.07735 -0.739752 7.91605
27 0.0961045 0.0117463 0.000433186
0.507396 0.421209 1.80584 -8.82419 -1.65118 8.50843 7.6104 7.10065 10 1.50821 1.60723 1.15109 -8.78474 -7.02037 0.266193 0.271024 0.488208 0.396287 0.244094 0.333777 0.328904 -0.345455 0.352742 0.250745 -0.510433 -7.86894 6.6182 -2.75813 5.76173 -9.91316 -0.364843 9.14358 1.96862 -7.07735 -0.739752 7.91605
28 0.0961045 0.0113714 0.000427787
0.507396 0.421209 1.80584 -8.82419 -1.65118 8.50843 7.6104 7.10065 10 1.50821 1.60723 1.15109 -8.78474 -7.02037 0.266193 0.271024 0.488208 0.396287 0.244094 0.333777 0.328904 -0.345455 0.352742 0.250745 -0.510433 -7.86894 6.6182 -2.75813 5.76173 -9.91316 -0.364843 9.14358 1.96862 -7.07735 -0.739752 7.91605
29 0.0975998 0.0118416 0.000451035
1.29475 0.709936 1.21955 -0.656472 3.06489 -2.56581 -0.372037 -7.66219 -2.80541 -5.02023 5.22807 6.61202 1.91863 -2.14401 1.68738 0.65002 0.0962336 0.406021 0.236338 0.31586 0.429146 -0.27117 -0.288685 0.277225 3.32755 4.12768 3.9908 1.97054 0.567012 -3.22158 -0.623426 2.10897 10 -9.2893 -0.978898 -6.73881
30 0.0975998 0.0128033 0.000482758
1.29475 0.709936 1.21955 -0.656472 3.06489 -2.56581 -0.372037 -7.66219 -2.80541 -5.02023 5.22807 6.61202 1.91863 -2.14401 1.68738 0.65002 0.0962336 0.406021 0.236338 0.31586 0.429146 -0.27117 -0.288685 0.277225 3.32755 4.12768 3.9908 1.97054 0.567012 -3.22158 -0.623426 2.10897 10 -9.2893 -0.978898 -6.73881
31 0.10263 0.0128058 0.00049942
0.491174 0.576934 1.66135 -7.3756 -2.96249 9.26288 6.33131 7.71417 10 1.52589 2.23112 0.538693 -8.96817 -3.54554 -1.00029 0.237152 0.403199 0.434289 0.167056 0.404228 0.334314 -0.408352 0.429075 0.307606 0.27975 -5.7281 5.14325 -1.94585 4.68123 -9.9895 0.234868 8.71133 2.60992 -8.66903 0.0174381 9.26926
32 0.10263 0.0117426 0.000505979
0.491174 0.576934 1.66135 -7.3756 -2.96249 9.26288 6.33131 7.71417 10 1.52589 2.23112 0.538693 -8.96817 -3.54554 -1.00029 0.237152 0.403199 0.434289 0.167056 0.404228 0.334314 -0.408352 0.429075 0.307606 0.27975 -5.7281 5.14325 -1.94585 4.68123 -9.9895 0.234868 8.71133 2.60992 -8.66903 0.0174381 9.26926
33 0.10263 0.0124774 0.000521877
0.491174 0.576934 1.66135 -7.3756 -2.96249 9.26288 6.33131 7.71417 10 1.52589 2.23112 0.538693 -8.96817 -3.54554 -1.00029 0.237152 0.403199 0.434289 0.167056 0.404228 0.334314 -0.408352 0.429075 0.307606 0.27975 -5.7281 5.14325 -1.94585 4.68123 -9.9895 0.234868 8.71133 2.60992 -8.66903 0.0174381 9.26926
34 0.10263 0.0127157 0.000518559
0.491174 0.576934 1.66135 -7.3756 -2.96249 9.26288 6.33131 7.71417 10 1.52589 2.23112 0.538693 -8.96817 -3.54554 -1.00029 0.237152 0.403199 0.434289 0.167056 0.404228 0.334314 -0.408352 0.429075 0.307606 0.27975 -5.7281 5.14325 -1.94585 4.68123 -9.9895 0.234868 8.71133 2.60992 -8.66903 0.0174381 9.26926
35 0.10263 0.0130691 0.000533798
0.491174 0.576934 1.66135 -7.3756 -2.96249 9.26288 6.33131 7.71417 10 1.52589 2.23112 0.538693 -8.96817 -3.54554 -1.00029 0.237152 0.403199 0.434289 0.167056 0.404228 0.334314 -0.408352 0.429075 0.307606 0.27975 -5.7281 5.14325 -1.94585 4.68123 -9.9895 0.234868 8.71133 2.60992 -8.66903 0.0174381 9.26926
36 0.10263 0.0132631 0.000534146
0.491174 0.576934 1.66135 -7.3756 -2.96249 9.26288 6.33131 7.71417 10 1.52589 2.23112 0.538693 -8.96817 -3.54554 -1.00029 0.237152 0.403199 0.434289 0.167056 0.404228 0.334314 -0.408352 0.429075 0.307606 0.27975 -5.7281 5.14325 -1.94585 4.68123 -9.9895 0.234868 8.71133 2.60992 -8.66903 0.0174381 9.26926
37 0.10263 0.0130053 0.000537299
0.491174 0.576934 1.66135 -7.3756 -2.96249 9.26288 6.33131 7.71417 10 1.52589 2.23112 0.538693 -8.96817 -3.54554 -1.00029 0.237152 0.403199 0.434289 0.167056 0.404228 0.334314 -0.408352 0.429075 0.307606 0.27975 -5.7281 5.14325 -1.94585 4.68123 -9.9895 0.234868 8.71133 2.60992 -8.66903 0.0174381 9.26926
38 0.10263 0.013549 0.000554726
0.491174 0.576934 1.66135 -7.3756 -2.96249 9.26288 6.33131 7.71417 10 1.52589 2.23112 0.538693 -8.96817 -3.54554 -1.00029 0.237152 0.403199 0.434289 0.167056 0.404228 0.334314 -0.408352 0.429075 0.307606 0.27975 -5.7281 5.14325 -1.94585 4.68123 -9.9895 0.234868 8.71133 2.60992 -8.66903 0.0174381 9.26926
39 0.10263 0.0137477 0.000553223
0.491174 0.576934 1.66135 -7.3756 -2.96249 9.26288 6.33131 7.71417 10 1.52589 2.23112 0.538693 -8.96817 -3.54554 -1.00029 0.237152 0.403199 0.434289 0.167056 0.404228 0.334314 -0.408352 0.429075 0.307606 0.27975 -5.7281 5.14325 -1.94585 4.68123 -9.9895 0.234868 8.71133 2.60992 -8.66903 0.0174381 9.26926
40 0.10263 0.0140085 0.000582791
0.491174 0.576934 1.66135 -7.3756 -2.96249 9.26288 6.33131 7.71417 10 1.52589 2.23112 0.538693 -8.96817 -3.54554 -1.00029 0.237152 0.403199 0.434289 0.167056 0.404228 0.334314 -0.408352 0.429075 0.307606 0.27975 -5.7281 5.14325 -1.94585 4.68123 -9.9895 0.234868 8.71133 2.60992 -8.66903 0.0174381 9.26926
41 0.10263 0.0138762 0.000593419
0.491174 0.576934 1.66135 -7.3756 -2.96249 9.26288 6.33131 7.71417 10 1.52589 2.23112 0.538693 -8.96817 -3.54554 -1.00029 0.237152 0.403199 0.434289 0.167056 0.404228 0.334314 -0.408352 0.429075 0.307606 0.27975 -5.7281 5.14325 -1.94585 4.68123 -9.9895 0.234868 8.71133 2.60992 -8.66903 0.0174381 9.26926
42 0.10263 0.0145025 0.000612403
0.491174 0.576934 1.66135 -7.3756 -2.96249 9.26288 6.33131 7.71417 10 1.52589 2.23112 0.538693 -8.96817 -3.54554 -1.00029 0.237152 0.403199 0.434289 0.167056 0.404228 0.334314 -0.408352 0.429075 0.307606 0.27975 -5.7281 5.14325 -1.94585 4.68123 -9.9895 0.234868 8.71133 2.60992 -8.66903 0.0174381 9.26926
43 0.11168 0.0139828 0.000635915
0.570589 0.462035 1.85684 -9.50422 -1.1137 10 8.72256 7.85608 8.87834 1.63622 3.29011 1.23071 -10 -8.68157 0.0950208 0.254685 0.448409 0.358791 0.296167 0.261409 0.377962 -0.393457 0.226136 0.274527 -0.345784 -6.90795 7.1349 -2.01142 5.8013 -9.34616 0.984078 9.38677 1.95411 -6.77158 -0.83338 7.87621
44 0.11168 0.015047 0.0006873
0.570589 0.462035 1.85684 -9.50422 -1.1137 10 8.72256 7.85608 8.87834 1.63622 3.29011 1.23071 -10 -8.68157 0.0950208 0.254685 0.448409 0.358791 0.296167 0.261409 0.377962 -0.393457 0.226136 0.274527 -0.345784 -6.90795 7.1349 -2.01142 5.8013 -9.34616 0.984078 9.38677 1.95411 -6.77158 -0.83338 7.87621
45 0.11168 0.0147133 0.000685064
0.570589 0.462035 1.85684 -9.50422 -1.1137 10 8.72256 7.85608 8.87834 1.63622 3.29011 1.23071 -10 -8.68157 0.0950208 0.254685 0.448409 0.358791 0.296167 0.261409 0.377962 -0.393457 0.226136 0.274527 -0.345784 -6.90795 7.1349 -2.01142 5.8013 -9.34616 0.984078 9.38677 1.95411 -6.77158 -0.83338 7.87621
46 0.11168 0.0139953 0.000698088
0.570589 0.462035 1.85684 -9.50422 -1.1137 10 8.72256 7.85608 8.87834 1.63622 3.29011 1.23071 -10 -8.68157 0.0950208 0.254685 0.448409 0.358791 0.296167 0.261409 0.377962 -0.393457 0.226136 0.274527 -0.345784 -6.90795 7.1349 -2.01142 5.8013 -9.34616 0.984078 9.38677 1.95411 -6.77158 -0.83338 7.87621
47 0.11168 0.0155801 0.000734491
0.570589 0.462035 1.85684 -9.50422 -1.1137 10 8.72256 7.85608 8.87834 1.63622 3.29011 1.23071 -10 -8.68157 0.0950208 0.254685 0.448409 0.358791 0.296167 0.261409 0.377962 -0.393457 0.226136 0.274527 -0.345784 -6.90795 7.1349 -2.01142 5.8013 -9.34616 0.984078 9.38677 1.95411 -6.77158 -0.83338 7.87621
48 0.11168 0.0147223 0.000721498
0.570589 0.462035 1.85684 -9.50422 -1.1137 10 8.72256 7.85608 8.87834 1.63622 3.29011 1.23071 -10 -8.68157 0.0950208 0.254685 0.448409 0.358791 0.296167 0.261409 0.377962 -0.393457 0.226136 0.274527 -0.345784 -6.90795 7.1349 -2.01142 5.8013 -9.34616 0.984078 9.38677 1.95411 -6.77158 -0.83338 7.87621
49 0.11168 0.0148643 0.000713387
0.570589 0.462035 1.85684 -9.50422 -1.1137 10 8.72256 7.85608 8.87834 1.63622 3.29011 1.23071 -10 -8.68157 0.0950208 0.254685 0.448409 0.358791 0.296167 0.261409 0.377962 -0.393457 0.226136 0.274527 -0.345784 -6.90795 7.1349 -2.01142 5.8013 -9.34616 0.984078 9.38677 1.95411 -6.77158 -0.83338 7.87621
50 0.11168 0.0152298 0.000726685
0.570589 0.462035 1.85684 -9.50422 -1.1137 10 8.72256 7.85608 8.87834 1.63622 3.29011 1.23071 -10 -8.68157 0.0950208 0.254685 0.448409 0.358791 0.296167 0.261409 0.377962 -0.393457 0.226136 0.274527 -0.345784 -6.90795 7.1349 -2.01142 5.8013 -9.34616 0.984078 9.38677 1.95411 -6.77158 -0.83338 7.87621
51 0.11168 0.0161477 0.000768357
0.570589 0.462035 1.85684 -9.50422 -1.1137 10 8.72256 7.85608 8.87834 1.63622 3.29011 1.23071 -10 -8.68157 0.0950208 0.254685 0.448409 0.358791 0.296167 0.261409 0.377962 -0.393457 0.226136 0.274527 -0.345784 -6.90795 7.1349 -2.01142 5.8013 -9.34616 0.984078 9.38677 1.95411 -6.77158 -0.83338 7.87621
52 0.11168 0.0161628 0.000742283
0.570589 0.462035 1.85684 -9.50422 -1.1137 10 8.72256 7.85608 8.87834 1.63622 3.29011 1.23071 -10 -8.68157 0.0950208 0.254685 0.448409 0.358791 0.296167 0.261409 0.377962 -0.393457 0.226136 0.274527 -0.345784 -6.90795 7.1349 -2.01142 5.8013 -9.34616 0.984078 9.38677 1.95411 -6.77158 -0.83338 7.87621
53 0.11168 0.0166381 0.000797097
0.570589 0.462035 1.85684 -9.50422 -1.1137 10 8.72256 7.85608 8.87834 1.63622 3.29011 1.23071 -10 -8.68157 0.0950208 0.254685 0.448409 0.358791 0.296167 0.261409 0.377962 -0.393457 0.226136 0.274527 -0.345784 -6.90795 7.1349 -2.01142 5.8013 -9.34616 0.984078 9.38677 1.95411 -6.77158 -0.83338 7.87621
54 0.11168 0.0161027 0.000765312
0.570589 0.462035 1.85684 -9.50422 -1.1137 10 8.72256 7.85608 8.87834 1.63622 3.29011 1.23071 -10 -8.68157 0.0950208 0.254685 0.448409 0.358791 0.296167 0.261409 0.377962 -0.393457 0.226136 0.274527 -0.345784 -6.90795 7.1349 -2.01142 5.8013 -9.34616 0.984078 9.38677 1.95411 -6.77158 -0.83338 7.87621
55 0.11168 0.0155648 0.00074763
0.570589 0.462035 1.85684 -9.50422 -1.1137 10 8.72256 7.85608 8.87834 1.63622 3.29011 1.23071 -10 -8.68157 0.0950208 0.254685 0.448409 0.358791 0.296167 0.261409 0.377962 -0.393457 0.226136 0.274527 -0.345784 -6.90795 7.1349 -2.01142 5.8013 -9.34616 0.984078 9.38677 1.95411 -6.77158 -0.83338 7.87621
56 0.11168 0.0174946 0.000787078
0.570589 0.462035 1.85684 -9.50422 -1.1137 10 8.72256 7.85608 8.87834 1.63622 3.29011 1.23071 -10 -8.68157 0.0950208 0.254685 0.448409 0.358791 0.296167 0.261409 0.377962 -0.393457 0.226136 0.274527 -0.345784 -6.90795 7.1349 -2.01142 5.8013 -9.34616 0.984078 9.38677 1.95411 -6.77158 -0.83338 7.87621
57 0.116963 0.0177132 0.000864009
1.18391 0.25856 1.94188 -10 -1.89528 8.38105 6.72283 7.65283 8.45944 2.14989 2.45144 2.42053 -8.56143 -8.10315 2.01432 0.2099 0.446007 0.429984 0.317766 0.27607 0.355007 -0.378288 0.279789 0.421703 4.14133 -8.39932 6.81082 -3.03611 3.88433 -10 0.665486 9.36183 3.22325 -8.27218 0.48222 8.77076
58 0.116963 0.016242 0.000824138
1.18391 0.25856 1.94188 -10 -1.89528 8.38105 6.72283 7.65283 8.45944 2.14989 2.45144 2.42053 -8.56143 -8.10315 2.01432 0.2099 0.446007 0.429984 0.317766 0.27607 0.355007 -0.378288 0.279789 0.421703 4.14133 -8.39932 6.81082 -3.03611 3.88433 -10 0.665486 9.36183 3.22325 -8.27218 0.48222 8.77076
59 0.116963 0.0179028 0.000882997
1.18391 0.25856 1.94188 -10 -1.89528 8.38105 6.72283 7.65283 8.45944 2.14989 2.45144 2.42053 -8.56143 -8.10315 2.01432 0.2099 0.446007 0.429984 0.317766 0.27607 0.355007 -0.378288 0.279789 0.421703 4.14133 -8.39932 6.81082 -3.03611 3.88433 -10 0.665486 9.36183 3.22325 -8.27218 0.48222 8.77076
60 0.116963 0.0176324 0.000908705
1.18391 0.25856 1.94188 -10 -1.89528 8.38105 6.72283 7.65283 8.45944 2.14989 2.45144 2.42053 -8.56143 -8.10315 2.01432 0.2099 0.446007 0.429984 0.317766 0.27607 0.355007 -0.378288 0.279789 0.421703 4.14133 -8.39932 6.81082 -3.03611 3.88433 -10 0.665486 9.36183 3.22325 -8.27218 0.48222 8.77076
61 0.116963 0.0162214 0.000844022
1.18391 0.25856 1.94188 -10 -1.89528 8.38105 6.72283 7.65283 8.45944 2.14989 2.45144 2.42053 -8.56143 -8.10315 2.01432 0.2099 0.446007 0.429984 0.317766 0.27607 0.355007 -0.378288 0.279789 0.421703 4.14133 -8.39932 6.81082 -3.03611 3.88433 -10 0.665486 9.36183 3.22325 -8.27218 0.48222 8.77076
62 0.116963 0.0164812 0.000882406
1.18391 0.25856 1.94188 -10 -1.89528 8.38105 6.72283 7.65283 8.45944 2.14989 2.45144 2.42053 -8.56143 -8.10315 2.01432 0.2099 0.446007 0.429984 0.317766 0.27607 0.355007 -0.378288 0.279789 0.421703 4.14133 -8.39932 6.81082 -3.03611 3.88433 -10 0.665486 9.36183 3.22325 -8.27218 0.48222 8.77076
63 0.116963 0.0173239 0.000932509
1.18391 0.25856 1.94188 -10 -1.89528 8.38105 6.72283 7.65283 8.45944 2.14989 2.45144 2.42053 -8.56143 -8.10315 2.01432 0.2099 0.446007 0.429984 0.317766 0.27607 0.355007 -0.378288 0.279789 0.421703 4.14133 -8.39932 6.81082 -3.03611 3.88433 -10 0.665486 9.36183 3.22325 -8.27218 0.48222 8.77076
64 0.116963 0.0175805 0.000919246
1.18391 0.25856 1.94188 -10 -1.89528 8.38105 6.72283 7.65283 8.45944 2.14989 2.45144 2.42053 -8.56143 -8.10315 2.01432 0.2099 0.446007 0.429984 0.317766 0.27607 0.355007 -0.378288 0.279789 0.421703 4.14133 -8.39932 6.81082 -3.03611 3.88433 -10 0.665486 9.36183 3.22325 -8.27218 0.48222 8.77076
65 0.130301 0.0181895 0.00100729
1.67159 1.11162 1.57377 -0.193672 4.83357 -1.39739 1.26569 -8.8237 -0.984429 -3.07889 7.32049 6.87566 1.15684 -2.64216 6.59486 0.608553 0.0689443 0.559724 0.364162 0.139826 0.188448 -0.251975 -0.366059 0.34762 0.979178 6.17212 2.2457 1.14328 0.844343 0.257995 1.47749 3.21129 5.89152 -9.26353 1.72304 -8.51838
66 0.130301 0.0171846 0.0010182
1.67159 1.11162 1.57377 -0.193672 4.83357 -1.39739 1.26569 -8.8237 -0.984429 -3.07889 7.32049 6.87566 1.15684 -2.64216 6.59486 0.608553 0.0689443 0.559724 0.364162 0.139826 0.188448 -0.251975 -0.366059 0.34762 0.979178 6.17212 2.2457 1.14328 0.844343 0.257995 1.47749 3.21129 5.89152 -9.26353 1.72304 -8.51838
67 0.130301 0.01664 0.00101896
1.67159 1.11162 1.57377 -0.193672 4.83357 -1.39739 1.26569 -8.8237 -0.984429 -3.07889 7.32049 6.87566 1.15684 -2.64216 6.59486 0.608553 0.0689443 0.559724 0.364162 0.139826 0.188448 -0.251975 -0.366059 0.34762 0.979178 6.17212 2.2457 1.14328 0.844343 0.257995 1.47749 3.21129 5.89152 -9.26353 1.72304 -8.51838
68 0.130301 0.0183843 0.00106146
1.67159 1.11162 1.57377 -0.193672 4.83357 -1.39739 1.26569 -8.8237 -0.984429 -3.07889 7.32049 6.87566 1.15684 -2.64216 6.59486 0.608553 0.0689443 0.559724 0.364162 0.139826 0.188448 -0.251975 -0.366059 0.34762 0.979178 6.17212 2.2457 1.14328 0.844343 0.257995 1.47749 3.21129 5.89152 -9.26353 1.72304 -8.51838
69 0.148583 0.0184014 0.00112463
1.40835 0.859694 1.41328 5.05883 2.5547 -3.63401 3.15319 -5.98897 -4.19952 -3.27153 4.36627 6.59646 0.943424 -3.80205 2.78131 0.496395 0.111863 0.304292 0.201473 0.191872 0.536824 -0.330367 -0.836863 -0.0759219 1.55253 1.81447 6.44569 0.628047 -2.74142 -4.38226 1.60653 1.3144 8.54301 -9.4936 0.688143 -5.08128
70 0.148583 0.018644 0.0011145
1.40835 0.859694 1.41328 5.05883 2.5547 -3.63401 3.15319 -5.98897 -4.19952 -3.27153 4.36627 6.59646 0.943424 -3.80205 2.78131 0.496395 0.111863 0.304292 0.201473 0.191872 0.536824 -0.330367 -0.836863 -0.0759219 1.55253 1.81447 6.44569 0.628047 -2.74142 -4.38226 1.60653 1.3144 8.54301 -9.4936 0.688143 -5.08128
71 0.148583 0.0192041 0.00116015
1.40835 0.859694 1.41328 5.05883 2.5547 -3.63401 3.15319 -5.98897 -4.19952 -3.27153 4.36627 6.59646 0.943424 -3.80205 2.78131 0.496395 0.111863 0.304292 0.201473 0.191872 0.536824 -0.330367 -0.836863 -0.0759219 1.55253 1.81447 6.44569 0.628047 -2.74142 -4.38226 1.60653 1.3144 8.54301 -9.4936 0.688143 -5.08128
72 0.148583 0.0186173 0.00115034
1.40835 0.859694 1.41328 5.05883 2.5547 -3.63401 3.15319 -5.98897 -4.19952 -3.27153 4.36627 6.59646 0.943424 -3.80205 2.78131 0.496395 0.111863 0.304292 0.201473 0.191872 0.536824 -0.330367 -0.836863 -0.0759219 1.55253 1.81447 6.44569 0.628047 -2.74142 -4.38226 1.60653 1.3144 8.54301 -9.4936 0.688143 -5.08128
73 0.148583 0.0190701 0.00116791
1.40835 0.859694 1.41328 5.05883 2.5547 -3.63401 3.15319 -5.98897 -4.19952 -3.27153 4.36627 6.59646 0.943424 -3.80205 2.78131 0.496395 0.111863 0.304292 0.201473 0.191872 0.536824 -0.330367 -0.836863 -0.0759219 1.55253 1.81447 6.44569 0.628047 -2.74142 -4.38226 1.60653 1.3144 8.54301 -9.4936 0.688143 -5.08128
74 0.148583 0.0197165 0.00121129
1.40835 0.859694 1.41328 5.05883 2.5547 -3.63401 3.15319 -5.98897 -4.19952 -3.27153 4.36627 6.59646 0.943424 -3.80205 2.78131 0.496395 0.111863 0.304292 0.201473 0.191872 0.536824 -0.330367 -0.836863 -0.0759219 1.55253 1.81447 6.44569 0.628047 -2.74142 -4.38226 1.60653 1.3144 8.54301 -9.4936 0.688143 -5.08128
75 0.148583 0.0212357 0.00129504
1.40835 0.859694 1.41328 5.05883 2.5547 -3.63401 3.15319 -5.98897 -4.19952 -3.27153 4.36627 6.59646 0.943424 -3.80205 2.78131 0.496395 0.111863 0.304292 0.201473 0.191872 0.536824 -0.330367 -0.836863 -0.0759219 1.55253 1.81447 6.44569 0.628047 -2.74142 -4.38226 1.60653 1.3144 8.54301 -9.4936 0.688143 -5.08128
76 0.157323 0.0209634 0.00134445
1.66964 1.07769 1.58628 -0.0989736 4.70309 -1.4585 1.03514 -8.6907 -0.860366 -2.94353 7.38606 6.92271 1.08771 -2.59125 6.37923 0.602793 0.0816384 0.558489 0.36441 0.14237 0.177242 -0.275551 -0.392546 0.338058 0.827688 6.11264 2.27774 1.36523 0.926848 0.220444 1.47522 3.1369 5.86993 -9.34876 1.69571 -8.36023
77 0.157323 0.0217265 0.00142343
1.66964 1.07769 1.58628 -0.0989736 4.70309 -1.4585 1.03514 -8.6907 -0.860366 -2.94353 7.38606 6.92271 1.08771 -2.59125 6.37923 0.602793 0.0816384 0.558489 0.36441 0.14237 0.177242 -0.275551 -0.392546 0.338058 0.827688 6.11264 2.27774 1.36523 0.926848 0.220444 1.47522 3.1369 5.86993 -9.34876 1.69571 -8.36023
78 0.157323 0.0203339 0.00135753
1.66964 1.07769 1.58628 -0.0989736 4.70309 -1.4585 1.03514 -8.6907 -0.860366 -2.94353 7.38606 6.92271 1.08771 -2.59125 6.37923 0.602793 0.0816384 0.558489 0.36441 0.14237 0.177242 -0.275551 -0.392546 0.338058 0.827688 6.11264 2.27774 1.36523 0.926848 0.220444 1.47522 3.1369 5.86993 -9.34876 1.69571 -8.36023
79 0.159024 0.0204948 0.00142706
1.77387 1.07178 1.64355 -2.10378 5.00615 -0.792595 0.227585 -10 -2.93373 -3.64133 7.92483 6.92925 -0.428685 -2.55102 5.62732 0.564275 0.0376296 0.631221 0.30301 0.154557 0.113522 -0.335681 -0.238225 0.383249 1.77505 5.94738 3.20298 0.644545 1.68067 -0.158022 2.50839 3.00898 8.02822 -7.6203 0.958115 -8.27532
80 0.159024 0.0216079 0.00147489
1.77387 1.07178 1.64355 -2.10378 5.00615 -0.792595 0.227585 -10 -2.93373 -3.64133 7.92483 6.92925 -0.428685 -2.55102 5.62732 0.564275 0.0376296 0.631221 0.30301 0.154557 0.113522 -0.335681 -0.238225 0.383249 1.77505 5.94738 3.20298 0.644545 1.68067 -0.158022 2.50839 3.00898 8.02822 -7.6203 0.958115 -8.27532
81 0.159024 0.0219336 0.00153972
1.77387 1.07178 1.64355 -2.10378 5.00615 -0.792595 0.227585 -10 -2.93373 -3.64133 7.92483 6.92925 -0.428685 -2.55102 5.62732 0.564275 0.0376296 0.631221 0.30301 0.154557 0.113522 -0.335681 -0.238225 0.383249 1.77505 5.94738 3.20298 0.644545 1.68067 -0.158022 2.50839 3.00898 8.02822 -7.6203 0.958115 -8.27532
82 0.159024 0.0232709 0.00150296
1.77387 1.07178 1.64355 -2.10378 5.00615 -0.792595 0.227585 -10 -2.93373 -3.64133 7.92483 6.92925 -0.428685 -2.55102 5.62732 0.564275 0.0376296 0.631221 0.30301 0.154557 0.113522 -0.335681 -0.238225 0.383249 1.77505 5.94738 3.20298 0.644545 1.68067 -0.158022 2.50839 3.00898 8.02822 -7.6203 0.958115 -8.27532
83 0.159024 0.0246581 0.0016001
1.77387 1.07178 1.64355 -2.10378 5.00615 -0.792595 0.227585 -10 -2.93373 -3.64133 7.92483 6.92925 -0.428685 -2.55102 5.62732 0.564275 0.0376296 0.631221 0.30301 0.154557 0.113522 -0.335681 -0.238225 0.383249 1.77505 5.94738 3.20298 0.644545 1.68067 -0.158022 2.50839 3.00898 8.02822 -7.6203 0.958115 -8.27532
84 0.159024 0.0239552 0.00162053
1.77387 1.07178 1.64355 -2.10378 5.00615 -0.792595 0.227585 -10 -2.93373 -3.64133 7.92483 6.92925 -0.428685 -2.55102 5.62732 0.564275 0.0376296 0.631221 0.30301 0.154557 0.113522 -0.335681 -0.238225 0.383249 1.77505 5.94738 3.20298 0.644545 1.68067 -0.158022 2.50839 3.00898 8.02822 -7.6203 0.958115 -8.27532
85 0.159024 0.022565 0.00158853
1.77387 1.07178 1.64355 -2.10378 5.00615 -0.792595 0.227585 -10 -2.93373 -3.64133 7.92483 6.92925 -0.428685 -2.55102 5.62732 0.564275 0.0376296 0.631221 0.30301 0.154557 0.113522 -0.335681 -0.238225 0.383249 1.77505 5.94738 3.20298 0.644545 1.68067 -0.158022 2.50839 3.00898 8.02822 -7.6203 0.958115 -8.27532
86 0.159024 0.0237443 0.00158158
1.77387 1.07178 1.64355 -2.10378 5.00615 -0.792595 0.227585 -10 -2.93373 -3.64133 7.92483 6.92925 -0.428685 -2.55102 5.62732 0.564275 0.0376296 0.631221 0.30301 0.154557 0.113522 -0.335681 -0.238225 0.383249 1.77505 5.94738 3.20298 0.644545 1.68067 -0.158022 2.50839 3.00898 8.02822 -7.6203 0.958115 -8.27532
87 0.159024 0.0237079 0.00161006
1.77387 1.07178 1.64355 -2.10378 5.00615 -0.792595 0.227585 -10 -2.93373 -3.64133 7.92483 6.92925 -0.428685 -2.55102 5.62732 0.564275 0.0376296 0.631221 0.30301 0.154557 0.113522 -0.335681 -0.238225 0.383249 1.77505 5.94738 3.20298 0.644545 1.68067 -0.158022 2.50839 3.00898 8.02822 -7.6203 0.958115 -8.27532
88 0.159024 0.024551 0.00165399
1.77387 1.07178 1.64355 -2.10378 5.00615 -0.792595 0.227585 -10 -2.93373 -3.64133 7.92483 6.92925 -0.428685 -2.55102 5.62732 0.564275 0.0376296 0.631221 0.30301 0.154557 0.113522 -0.335681 -0.238225 0.383249 1.77505 5.94738 3.20298 0.644545 1.68067 -0.158022 2.50839 3.00898 8.02822 -7.6203 0.958115 -8.27532
89 0.163256 0.0229055 0.00163527
1.358 0.926535 1.38068 4.90522 2.42979 -3.36349 2.65822 -5.51893 -4.1029 -3.17532 4.54434 6.78771 0.48587 -4.1343 2.65297 0.498709 0.148054 0.308756 0.196678 0.15185 0.543163 -0.362633 -0.90004 -0.106017 2.01289 1.28722 6.53902 0.976703 -3.05475 -4.73286 1.08136 1.31914 8.03398 -9.40524 1.09963 -5.12637
90 0.163256 0.0250561 0.00180026
1.358 0.926535 1.38068 4.90522 2.42979 -3.36349 2.65822 -5.51893 -4.1029 -3.17532 4.54434 6.78771 0.48587 -4.1343 2.65297 0.498709 0.148054 0.308756 0.196678 0.15185 0.543163 -0.362633 -0.90004 -0.106017 2.01289 1.28722 6.53902 0.976703 -3.05475 -4.73286 1.08136 1.31914 8.03398 -9.40524 1.09963 -5.12637
91 0.163256 0.0253796 0.0018558
1.358 0.926535 1.38068 4.90522 2.42979 -3.36349 2.65822 -5.51893 -4.1029 -3.17532 4.54434 6.78771 0.48587 -4.1343 2.65297 0.498709 0.148054 0.308756 0.196678 0.15185 0.543163 -0.362633 -0.90004 -0.106017 2.01289 1.28722 6.53902 0.976703 -3.05475 -4.73286 1.08136 1.31914 8.03398 -9.40524 1.09963 -5.12637
92 0.163256 0.0250041 0.00179548
1.358 0.926535 1.38068 4.90522 2.42979 -3.36349 2.65822 -5.51893 -4.1029 -3.17532 4.54434 6.78771 0.48587 -4.1343 2.65297 0.498709 0.148054 0.308756 0.196678 0.15185 0.543163 -0.362633 -0.90004 -0.106017 2.01289 1.28722 6.53902 0.976703 -3.05475 -4.73286 1.08136 1.31914 8.03398 -9.40524 1.09963 -5.12637
93 0.163256 0.0245796 0.00176326
1.358 0.926535 1.38068 4.90522 2.42979 -3.36349 2.65822 -5.51893 -4.1029 -3.17532 4.54434 6.78771 0.48587 -4.1343 2.65297 0.498709 0.148054 0.308756 0.196678 0.15185 0.543163 -0.362633 -0.90004 -0.106017 2.01289 1.28722 6.53902 0.976703 -3.05475 -4.73286 1.08136 1.31914 8.03398 -9.40524 1.09963 -5.12637
94 0.163256 0.0259011 0.00185285
1.358 0.926535 1.38068 4.90522 2.42979 -3.36349 2.65822 -5.51893 -4.1029 -3.17532 4.54434 6.78771 0.48587 -4.1343 2.65297 0.498709 0.148054 0.308756 0.196678 0.15185 0.543163 -0.362633 -0.90004 -0.106017 2.01289 1.28722 6.53902 0.976703 -3.05475 -4.73286 1.08136 1.31914 8.03398 -9.40524 1.09963 -5.12637
95 0.163256 0.0261891 0.00192277
1.358 0.926535 1.38068 4.90522 2.42979 -3.36349 2.65822 -5.51893 -4.1029 -3.17532 4.54434 6.78771 0.48587 -4.1343 2.65297 0.498709 0.148054 0.308756 0.196678 0.15185 0.543163 -0.362633 -0.90004 -0.106017 2.01289 1.28722 6.53902 0.976703 -3.05475 -4.73286 1.08136 1.31914 8.03398 -9.40524 1.09963 -5.12637
96 0.186811 0.0280523 0.00198533
1.76598 1.08494 1.63504 -2.3719 4.27353 -0.341525 0.318678 -9.63059 -3.28696 -4.15775 6.81971 6.60315 0.0236069 -2.84776 5.71143 0.581742 0.0274375 0.613273 0.299348 0.172484 0.0697813 -0.396703 -0.277643 0.39831 1.25013 6.12461 3.67246 0.167041 0.913767 -0.47412 2.87752 2.84447 6.98727 -7.46139 1.24236 -8.7201
97 0.186811 0.027558 0.00193986
1.76598 1.08494 1.63504 -2.3719 4.27353 -0.341525 0.318678 -9.63059 -3.28696 -4.15775 6.81971 6.60315 0.0236069 -2.84776 5.71143 0.581742 0.0274375 0.613273 0.299348 0.172484 0.0697813 -0.396703 -0.277643 0.39831 1.25013 6.12461 3.67246 0.167041 0.913767 -0.47412 2.87752 2.84447 6.98727 -7.46139 1.24236 -8.7201
98 0.186811 0.0253649 0.00192384
1.76598 1.08494 1.63504 -2.3719 4.27353 -0.341525 0.318678 -9.63059 -3.28696 -4.15775 6.81971 6.60315 0.0236069 -2.84776 5.71143 0.581742 0.0274375 0.613273 0.299348 0.172484 0.0697813 -0.396703 -0.277643 0.39831 1.25013 6.12461 3.67246 0.167041 0.913767 -0.47412 2.87752 2.84447 6.98727 -7.46139 1.24236 -8.7201
99 0.186811 0.0249481 0.00201186
1.76598 1.08494 1.63504 -2.3719 4.27353 -0.341525 0.318678 -9.63059 -3.28696 -4.15775 6.81971 6.60315 0.0236069 -2.84776 5.71143 0.581742 0.0274375 0.613273 0.299348 0.172484 0.0697813 -0.396703 -0.277643 0.39831 1.25013 6.12461 3.67246 0.167041 0.913767 -0.47412 2.87752 2.84447 6.98727 -7.46139 1.24236 -8.7201
100 0.186811 0.0237619 0.00195017
1.76598 1.08494 1.63504 -2.3719 4.27353 -0.341525 0.318678 -9.63059 -3.28696 -4.15775 6.81971 6.60315 0.0236069 -2.84776 5.71143 0.581742 0.0274375 0.613273 0.299348 0.172484 0.0697813 -0.396703 -0.277643 0.39831 1.25013 6.12461 3.67246 0.167041 0.913767 -0.47412 2.87752 2.84447 6.98727 -7.46139 1.24236 -8.7201
